0.0720
0.0543
0.0250
0.0172
0.0380
0.0578
0.0371
0.0174
0.0243
0.0602
0.0909
0.0572
0.0177
0.0094
0.0190
0.0296
0.0216
0.0115
0.0148
0.0395
0.0613
0.0381
0.0110
0.0057
0.0084
0.0098
0.0056
0.0024
0.0058
0.0199
0.0315
0.0190
0.0043
0.0005
0.0009
0.0014
0.0009
0.0003
0.0017
0.0078
0.0128
0.0078
0.0017
0.0001
0.0000
0.0000
0.0000
0.0000
0.0000
0.0000
0.0000
0.0000
0.0000
0.0000
0.0000
0.0002
0.0009
0.0014
0.0011
0.0011
0.0014
0.0009
0.0002
0.0000
0.0000
0.0000
0.0000
0.0000
0.0000
0.0000
0.0000
0.0000
0.0000
0.0000
0.0000
0.0000
0.0000
0.0001
0.0015
0.0069
0.0114