0.0066 0.0377 0.1071 0.1861 0.2137 0.1587 0.0865 0.0551 0.0465 0.0331 0.0169 0.0056 0.0010 0.0010 0.0045 0.0098 0.0105 0.0082 0.0069 0.0037 0.0008 0.0001 0.0000 0.0000 0.0000 0.0000 0.0000 0.0000 0.0000 0.0000 0.0000 0.0000 0.0000 0.0000 0.0000 0.0000 0.0000 0.0000 0.0000 0.0000 0.0000
0.0127 0.0484 0.0993 0.1366 0.1509 0.1250 0.0770 0.0507 0.0480 0.0447 0.0443 0.0420 0.0343 0.0245 0.0150 0.0071 0.0070 0.0127 0.0126 0.0058 0.0011 0.0001 0.0000 0.0000 0.0000 0.0000 0.0000 0.0000 0.0000 0.0000 0.0000 0.0000 0.0000 0.0000 0.0000 0.0000 0.0000 0.0000 0.0000 0.0000 0.0000
0.0139 0.0676 0.1407 0.1639 0.1507 0.1123 0.0650 0.0378 0.0286 0.0212 0.0131 0.0126 0.0165 0.0159 0.0079 0.0024 0.0036 0.0059 0.0043 0.0044 0.0068 0.0087 0.0144 0.0194 0.0171 0.0110 0.0052 0.0044 0.0066 0.0070 0.0066 0.0036 0.0008 0.0001 0.0000 0.0000 0.0000 0.0000 0.0000 0.0000 0.0000
0.0298 0.0670 0.1297 0.1675 0.1574 0.1148 0.0787 0.0490 0.0283 0.0218 0.0116 0.0027 0.0016 0.0070 0.0152 0.0165 0.0140 0.0165 0.0152 0.0070 0.0014 0.0001 0.0000 0.0000 0.0000 0.0000 0.0001 0.0014 0.0070 0.0151 0.0151 0.0070 0.0014 0.0001 0.0000 0.0000 0.0000 0.0000 0.0000 0.0000 0.0000
0.0274 0.0697 0.1138 0.1183 0.1146 0.1072 0.0832 0.0625 0.0595 0.0639 0.0516 0.0240 0.0105 0.0105 0.0076 0.0088 0.0163 0.0163 0.0088 0.0076 0.0102 0.0061 0.0014 0.0001 0.0000 0.0000 0.0000 0.0000 0.0000 0.0000 0.0000 0.0000 0.0000 0.0000 0.0000 0.0000 0.0000 0.0000 0.0000 0.0000 0.0000
0.0280 0.0697 0.1098 0.1187 0.1191 0.1123 0.0833 0.0570 0.0522 0.0569 0.0467 0.0272 0.0138 0.0069 0.0090 0.0134 0.0098 0.0099 0.0142 0.0120 0.0084 0.0041 0.0009 0.0001 0.0001 0.0009 0.0040 0.0066 0.0040 0.0009 0.0001 0.0000 0.0000 0.0000 0.0000 0.0000 0.0000 0.0000 0.0000 0.0000 0.0000
0.0138 0.0556 0.1076 0.1223 0.1172 0.0990 0.0655 0.0477 0.0404 0.0342 0.0414 0.0471 0.0381 0.0188 0.0115 0.0167 0.0178 0.0164 0.0178 0.0174 0.0133 0.0149 0.0157 0.0080 0.0017 0.0001 0.0000 0.0000 0.0000 0.0000 0.0000 0.0000 0.0000 0.0000 0.0000 0.0000 0.0000 0.0000 0.0000 0.0000 0.0000
0.0148 0.0497 0.0919 0.1190 0.1327 0.1179 0.0909 0.0764 0.0612 0.0418 0.0360 0.0273 0.0140 0.0086 0.0081 0.0103 0.0096 0.0052 0.0052 0.0096 0.0096 0.0052 0.0052 0.0096 0.0096 0.0052 0.0044 0.0060 0.0036 0.0008 0.0001 0.0000 0.0000 0.0000 0.0000 0.0000 0.0000 0.0001 0.0008 0.0036 0.0059
0.0195 0.0498 0.0793 0.1021 0.1097 0.0953 0.0767 0.0590 0.0410 0.0379 0.0439 0.0310 0.0229 0.0341 0.0442 0.0337 0.0174 0.0066 0.0045 0.0148 0.0242 0.0147 0.0033 0.0004 0.0011 0.0049 0.0081 0.0049 0.0011 0.0001 0.0000 0.0000 0.0000 0.0000 0.0000 0.0000 0.0000 0.0001 0.0011 0.0049 0.0081
0.0324 0.0622 0.0865 0.1084 0.1136 0.1122 0.0955 0.0715 0.0503 0.0344 0.0278 0.0219 0.0205 0.0265 0.0286 0.0208 0.0115 0.0052 0.0057 0.0125 0.0153 0.0109 0.0072 0.0035 0.0008 0.0001 0.0000 0.0000 0.0000 0.0000 0.0001 0.0008 0.0034 0.0056 0.0034 0.0008 0.0001 0.0000 0.0000 0.0000 0.0000
0.0224 0.0747 0.1217 0.1168 0.1044 0.0911 0.0636 0.0417 0.0406 0.0536 0.0592 0.0414 0.0239 0.0158 0.0112 0.0105 0.0100 0.0095 0.0073 0.0121 0.0214 0.0181 0.0072 0.0013 0.0001 0.0000 0.0000 0.0000 0.0000 0.0000 0.0001 0.0011 0.0050 0.0082 0.0050 0.0011 0.0001 0.0000 0.0000 0.0000 0.0000
0.0282 0.0590 0.0827 0.0936 0.0973 0.0828 0.0574 0.0427 0.0358 0.0381 0.0428 0.0287 0.0163 0.0274 0.0473 0.0497 0.0389 0.0315 0.0206 0.0116 0.0116 0.0106 0.0049 0.0010 0.0001 0.0000 0.0001 0.0009 0.0040 0.0066 0.0040 0.0009 0.0001 0.0000 0.0000 0.0000 0.0000 0.0001 0.0018 0.0080 0.0131
0.0349 0.0635 0.0914 0.1213 0.1378 0.1250 0.0901 0.0635 0.0499 0.0408 0.0416 0.0306 0.0122 0.0057 0.0070 0.0081 0.0105 0.0098 0.0053 0.0045 0.0061 0.0036 0.0008 0.0001 0.0000 0.0000 0.0000 0.0000 0.0000 0.0000 0.0000 0.0001 0.0008 0.0036 0.0060 0.0036 0.0008 0.0002 0.0016 0.0073 0.0120
0.0164 0.0446 0.0733 0.0832 0.0765 0.0711 0.0616 0.0476 0.0356 0.0465 0.0645 0.0502 0.0306 0.0291 0.0333 0.0320 0.0290 0.0301 0.0260 0.0286 0.0310 0.0205 0.0104 0.0074 0.0039 0.0009 0.0001 0.0001 0.0009 0.0039 0.0064 0.0039 0.0009 0.0001 0.0000 0.0000 0.0000 0.0000 0.0000 0.0000 0.0000
0.0369 0.0664 0.0826 0.1019 0.1196 0.1092 0.0848 0.0618 0.0482 0.0452 0.0439 0.0310 0.0134 0.0086 0.0126 0.0112 0.0071 0.0056 0.0037 0.0049 0.0119 0.0183 0.0172 0.0129 0.0109 0.0059 0.0013 0.0002 0.0006 0.0029 0.0048 0.0029 0.0006 0.0001 0.0000 0.0000 0.0001 0.0006 0.0029 0.0048 0.0029
0.0508 0.1092 0.1317 0.1259 0.1138 0.0962 0.0651 0.0347 0.0200 0.0220 0.0311 0.0275 0.0161 0.0062 0.0013 0.0013 0.0059 0.0130 0.0140 0.0119 0.0140 0.0130 0.0060 0.0023 0.0049 0.0080 0.0049 0.0022 0.0049 0.0080 0.0049 0.0011 0.0001 0.0000 0.0000 0.0000 0.0000 0.0002 0.0022 0.0097 0.0160